v5 후보(제출 스펙 준수):
- group_size: 128 유지(=v3 재현) + calibration_samples 1024
- max_seq_len: 2048 시도(가능하면), OOM 시 1024
메모:
- v3(128): 0.5866725231 / 10m14s
- v4(64):  0.4504397326 / 13m33s
